0.0   0.0
0.0   0.0
0.0   0.0
0.0   0.0
0.0   0.0
0.0   0.0
0.0   0.0
0.0   0.0
0.0   0.0
0.0   0.0
-0.461302934901   0.0
0.0   0.0
0.0   0.0
0.0   0.0
0.0   0.0
-0.461302934901   0.0
0.0   0.0
0.0   0.0
0.0   0.0
0.0   0.0
0.221941105582   0.0
0.0   0.0
0.0   0.0
0.0   0.0
0.0   0.0
0.221941105582   0.0
0.0   0.0
0.0   0.0
0.0   0.0
0.0   0.0
-0.0695627445016   0.0
0.0   0.0
0.0   0.0
0.0   0.0
0.0   0.0
-0.120486207791   0.0
0.0   0.0
0.0   0.0
0.0   0.0
0.0   0.0
0.0   0.0
0.0   0.0
0.0   0.0
0.0   0.0
0.0   0.0
0.0   0.0
0.0   0.0
0.0   0.0
0.0   0.0
0.0   0.0
0.0   0.0
0.0   0.0
0.0   0.0
0.0   0.0
0.0   0.0
-0.461302934901   0.0
0.0   0.0
0.0   0.0
0.0   0.0
0.0   0.0
-0.461302934901   0.0
0.0   0.0
0.0   0.0
0.0   0.0
0.0   0.0
0.221941105582   0.0
0.0   0.0
0.0   0.0
0.0   0.0
0.0   0.0
0.221941105582   0.0
0.0   0.0
0.0   0.0
0.0   0.0
0.0   0.0
-0.120486207791   0.0
0.0   0.0
0.0   0.0
0.0   0.0
0.0   0.0
-0.208688233505   0.0
